{
 "cells": [
  {
   "cell_type": "markdown",
   "id": "a407559f",
   "metadata": {},
   "source": [
    "# Задание:\n",
    "### Нужно написать код на питоне который решает задачу коммивояжера методом ветвей и границ, а также проверяет граф на связность и существует ли в графе гамильтонов цикл.  Проверить его на 10 сгенерированных графов(не полных, связных) и решить данную задачу для Фунзенского района города Владивосток."
   ]
  },
  {
   "cell_type": "code",
   "execution_count": 1,
   "id": "4fe69f11",
   "metadata": {},
   "outputs": [],
   "source": [
    "import pandas as pd\n",
    "import numpy as np\n",
    "import re\n",
    "import time\n",
    "import networkx as nx\n",
    "from itertools import combinations\n",
    "import random\n",
    "from tqdm import tqdm\n",
    "from networkx.convert_matrix import from_numpy_array"
   ]
  },
  {
   "cell_type": "markdown",
   "id": "8c9430a5",
   "metadata": {},
   "source": [
    "# Долгая проверка: будет идти более 20 часов т.к. проверяет 100 вершин с шагом 10."
   ]
  },
  {
   "cell_type": "code",
   "execution_count": 12,
   "id": "f27ff4cf",
   "metadata": {},
   "outputs": [
    {
     "name": "stderr",
     "output_type": "stream",
     "text": [
      "\r",
      "  0%|                                                                                           | 0/10 [00:00<?, ?it/s]"
     ]
    },
    {
     "name": "stdout",
     "output_type": "stream",
     "text": [
      "Graph:\n",
      " [[ 0  0  0  8  0 19  0  0  0 41]\n",
      " [ 0  0 47 36  0 98  0 74  4  5]\n",
      " [ 0 47  0 75 89  0 52 52 70  0]\n",
      " [ 8 36 75  0 25 16 59 46 40 28]\n",
      " [ 0  0 89 25  0  9  3 96  0 95]\n",
      " [19 98  0 16  9  0 67 57 52 83]\n",
      " [ 0  0 52 59  3 67  0  0 78  6]\n",
      " [ 0 74 52 46 96 57  0  0  7 67]\n",
      " [ 0  4 70 40  0 52 78  7  0  0]\n",
      " [41  5  0 28 95 83  6 67  0  0]]\n",
      "Connected: True\n",
      "Has Hamiltonian cycle: False\n"
     ]
    },
    {
     "name": "stderr",
     "output_type": "stream",
     "text": [
      "  0%|                                                                                           | 0/10 [00:05<?, ?it/s]\n"
     ]
    },
    {
     "ename": "KeyboardInterrupt",
     "evalue": "",
     "output_type": "error",
     "traceback": [
      "\u001b[1;31m---------------------------------------------------------------------------\u001b[0m",
      "\u001b[1;31mKeyboardInterrupt\u001b[0m                         Traceback (most recent call last)",
      "Cell \u001b[1;32mIn[12], line 89\u001b[0m\n\u001b[0;32m     87\u001b[0m \u001b[38;5;28mprint\u001b[39m(\u001b[38;5;124m'\u001b[39m\u001b[38;5;124mConnected:\u001b[39m\u001b[38;5;124m'\u001b[39m, check_connected(graph))\n\u001b[0;32m     88\u001b[0m \u001b[38;5;28mprint\u001b[39m(\u001b[38;5;124m'\u001b[39m\u001b[38;5;124mHas Hamiltonian cycle:\u001b[39m\u001b[38;5;124m'\u001b[39m, check_hamiltonian(graph))\n\u001b[1;32m---> 89\u001b[0m path, length \u001b[38;5;241m=\u001b[39m \u001b[43mTSP\u001b[49m\u001b[43m(\u001b[49m\u001b[43mgraph\u001b[49m\u001b[43m)\u001b[49m\n\u001b[0;32m     90\u001b[0m end_time \u001b[38;5;241m=\u001b[39m time\u001b[38;5;241m.\u001b[39mtime()\n\u001b[0;32m     91\u001b[0m \u001b[38;5;28mprint\u001b[39m(\u001b[38;5;124m'\u001b[39m\u001b[38;5;124mTSP Path:\u001b[39m\u001b[38;5;124m'\u001b[39m, path)\n",
      "Cell \u001b[1;32mIn[12], line 29\u001b[0m, in \u001b[0;36mTSP\u001b[1;34m(graph)\u001b[0m\n\u001b[0;32m     26\u001b[0m \u001b[38;5;66;03m# Основной цикл: продолжается до тех пор, пока есть \"живые\" узлы\u001b[39;00m\n\u001b[0;32m     27\u001b[0m \u001b[38;5;28;01mwhile\u001b[39;00m Q:\n\u001b[0;32m     28\u001b[0m     \u001b[38;5;66;03m# Выбираем узел с минимальной границей\u001b[39;00m\n\u001b[1;32m---> 29\u001b[0m     min_node \u001b[38;5;241m=\u001b[39m \u001b[38;5;28;43mmin\u001b[39;49m\u001b[43m(\u001b[49m\u001b[43mQ\u001b[49m\u001b[43m,\u001b[49m\u001b[43m \u001b[49m\u001b[43mkey\u001b[49m\u001b[38;5;241;43m=\u001b[39;49m\u001b[38;5;28;43;01mlambda\u001b[39;49;00m\u001b[43m \u001b[49m\u001b[43mnode\u001b[49m\u001b[43m:\u001b[49m\u001b[43m \u001b[49m\u001b[43mnode\u001b[49m\u001b[38;5;241;43m.\u001b[39;49m\u001b[43mbound\u001b[49m\u001b[43m)\u001b[49m\n\u001b[0;32m     30\u001b[0m     Q\u001b[38;5;241m.\u001b[39mremove(min_node)\n\u001b[0;32m     32\u001b[0m     \u001b[38;5;66;03m# Если все вершины включены в путь\u001b[39;00m\n",
      "Cell \u001b[1;32mIn[12], line 29\u001b[0m, in \u001b[0;36mTSP.<locals>.<lambda>\u001b[1;34m(node)\u001b[0m\n\u001b[0;32m     26\u001b[0m \u001b[38;5;66;03m# Основной цикл: продолжается до тех пор, пока есть \"живые\" узлы\u001b[39;00m\n\u001b[0;32m     27\u001b[0m \u001b[38;5;28;01mwhile\u001b[39;00m Q:\n\u001b[0;32m     28\u001b[0m     \u001b[38;5;66;03m# Выбираем узел с минимальной границей\u001b[39;00m\n\u001b[1;32m---> 29\u001b[0m     min_node \u001b[38;5;241m=\u001b[39m \u001b[38;5;28mmin\u001b[39m(Q, key\u001b[38;5;241m=\u001b[39m\u001b[38;5;28;01mlambda\u001b[39;00m node: node\u001b[38;5;241m.\u001b[39mbound)\n\u001b[0;32m     30\u001b[0m     Q\u001b[38;5;241m.\u001b[39mremove(min_node)\n\u001b[0;32m     32\u001b[0m     \u001b[38;5;66;03m# Если все вершины включены в путь\u001b[39;00m\n",
      "\u001b[1;31mKeyboardInterrupt\u001b[0m: "
     ]
    }
   ],
   "source": [
    "# Определение класса Node, который будет использоваться для представления узлов в дереве ветвей и границ.\n",
    "class Node:\n",
    "    def __init__(self, level, path):\n",
    "        self.level = level  # уровень узла в дереве\n",
    "        self.path = path  # путь от корня до этого узла\n",
    "        self.bound = 0.0  # граница (см. функцию get_bound)\n",
    "\n",
    "# Функция для расчета границы для узла u.\n",
    "# Граница - это нижняя оценка стоимости пути, который начинается в корне, проходит через u и затем проходит через оставшиеся узлы.\n",
    "def get_bound(u, n, graph):\n",
    "    u.bound = sum([min(graph[i]) for i in range(n) if i not in u.path])\n",
    "\n",
    "# Основная функция для решения задачи коммивояжера.\n",
    "def TSP(graph):\n",
    "    n = len(graph)\n",
    "    result_path = []\n",
    "    min_length = float('inf')\n",
    "\n",
    "    # Инициализация корневого узла и вычисление его границы\n",
    "    root = Node(0, [0])\n",
    "    get_bound(root, n, graph)\n",
    "\n",
    "    # Очередь для хранения \"живых\" узлов\n",
    "    Q = [root]\n",
    "\n",
    "    # Основной цикл: продолжается до тех пор, пока есть \"живые\" узлы\n",
    "    while Q:\n",
    "        # Выбираем узел с минимальной границей\n",
    "        min_node = min(Q, key=lambda node: node.bound)\n",
    "        Q.remove(min_node)\n",
    "\n",
    "        # Если все вершины включены в путь\n",
    "        if min_node.bound < min_length and min_node.level == n-1:\n",
    "            min_node.path.append(min_node.path[0])  # добавить начальную вершину в конец пути для формирования цикла\n",
    "            # Проверка, является ли текущий путь минимальным\n",
    "            if sum(graph[min_node.path[i-1]][min_node.path[i]] for i in range(n)) < min_length:\n",
    "                min_length = sum(graph[min_node.path[i-1]][min_node.path[i]] for i in range(n))\n",
    "                result_path = min_node.path\n",
    "        # Если все вершины не включены, сгенерировать потомков\n",
    "        elif min_node.bound < min_length:\n",
    "            for i in range(n):\n",
    "                if i not in min_node.path:\n",
    "                    child = Node(min_node.level+1, min_node.path[:])\n",
    "                    child.path.append(i)\n",
    "                    get_bound(child, n, graph)\n",
    "                    Q.append(child)  # добавить потомка в очередь\n",
    "    return result_path, min_length\n",
    "\n",
    "# Функция для проверки связности графа\n",
    "def check_connected(graph):\n",
    "    G = nx.from_numpy_array(np.array(graph))\n",
    "    return nx.is_connected(G)\n",
    "\n",
    "# Функция для проверки наличия гамильтонова цикла в графе\n",
    "def check_hamiltonian(graph):\n",
    "    G = nx.from_numpy_array(np.array(graph))\n",
    "    try:\n",
    "        cycle = nx.algorithms.tournament.hamiltonian_path(G)\n",
    "        return True\n",
    "    except:\n",
    "        return False\n",
    "\n",
    "# Функция для генерации связного графа\n",
    "def generate_connected_graph(vertices):\n",
    "    graph = [[0 for _ in range(vertices)] for _ in range(vertices)]\n",
    "    edges = list(combinations(range(vertices), 2))\n",
    "    random.shuffle(edges)\n",
    "\n",
    "    # Гарантируем связность графа\n",
    "    for i in range(vertices-1):\n",
    "        graph[edges[i][0]][edges[i][1]] = random.randint(1, 100)\n",
    "        graph[edges[i][1]][edges[i][0]] = graph[edges[i][0]][edges[i][1]]\n",
    "\n",
    "    # Добавляем случайные ребра\n",
    "    for edge in edges[vertices-1:]:\n",
    "        if random.random() < 0.6:  # вероятность создания ребра\n",
    "            graph[edge[0]][edge[1]] = random.randint(1, 100)\n",
    "            graph[edge[1]][edge[0]] = graph[edge[0]][edge[1]]\n",
    "    return graph\n",
    "\n",
    "# Генерация случайных графов и проверка их связности и наличия гамильтонова цикла\n",
    "for size in tqdm(range(10, 101, 10)):\n",
    "    for _ in range(10):\n",
    "        graph = generate_connected_graph(size)\n",
    "        start_time = time.time()\n",
    "        print('Graph:\\n', np.array(graph))\n",
    "        print('Connected:', check_connected(graph))\n",
    "        print('Has Hamiltonian cycle:', check_hamiltonian(graph))\n",
    "        path, length = TSP(graph)\n",
    "        end_time = time.time()\n",
    "        print('TSP Path:', path)\n",
    "        print('TSP Path length:', length)\n",
    "        print('Execution time:', end_time - start_time, 'seconds\\n')"
   ]
  },
  {
   "cell_type": "markdown",
   "id": "0db5614a",
   "metadata": {},
   "source": [
    "# Быстрая проверка. Проверяется при помощи 1 матрицы размерностью 10х10."
   ]
  },
  {
   "cell_type": "code",
   "execution_count": 13,
   "id": "0b9b96f8",
   "metadata": {},
   "outputs": [
    {
     "name": "stdout",
     "output_type": "stream",
     "text": [
      "Graph:\n",
      " [[  0 436 861 271 107  72 701  21 615 122]\n",
      " [467   0 331 459  88 373 100 872 664 131]\n",
      " [662 309   0 344 492 414 806 386 192 956]\n",
      " [277 161 460   0  22 253 748 857 561 475]\n",
      " [ 59 511 682 476   0 976 783 190 958 687]\n",
      " [958 563 876 567 244   0 505 131 485 819]\n",
      " [647  21 841 167 274 388   0 316  14 242]\n",
      " [777 346 565 898 340  92 367   0 455 428]\n",
      " [509 776 943  35 206  81 932 562   0 388]\n",
      " [  2 390 566 106 772 822 477 703 402   0]]\n",
      "Connected: True\n",
      "Has Hamiltonian cycle: True\n",
      "TSP Path: [0, 8, 5, 7, 6, 1, 9, 3, 4, 2, 0]\n",
      "TSP Path length: 2156\n",
      "Execution time: 0.35381603240966797 seconds\n",
      "\n",
      "The actual route distance: 2818\n"
     ]
    }
   ],
   "source": [
    "class Node:\n",
    "    def __init__(self, level, path):\n",
    "        self.level = level  \n",
    "        self.path = path  \n",
    "        self.bound = 0.0  \n",
    "\n",
    "def get_bound(u, n, graph):\n",
    "    u.bound = sum([min(graph[i][graph[i] != np.inf]) if isinstance(graph[i][graph[i] != np.inf], list) else graph[i][graph[i] != np.inf] for i in range(n) if i not in u.path])\n",
    "\n",
    "def TSP(graph):\n",
    "    n = len(graph)  \n",
    "    result_path = []  \n",
    "    min_length = float('inf')  \n",
    "\n",
    "    root = Node(0, [0])\n",
    "    get_bound(root, n, graph)  \n",
    "\n",
    "    Q = [root]  \n",
    "\n",
    "    while Q:\n",
    "        min_node = min(Q, key=lambda node: node.bound)\n",
    "        Q.remove(min_node)  \n",
    "\n",
    "        if min_node.bound < min_length and min_node.level == n - 1:\n",
    "            min_node.path.append(min_node.path[0])  \n",
    "            if sum(graph[min_node.path[i - 1]][min_node.path[i]] for i in range(n)) < min_length:\n",
    "                min_length = sum(graph[min_node.path[i - 1]][min_node.path[i]] for i in range(n))\n",
    "                result_path = min_node.path\n",
    "        elif min_node.bound < min_length:\n",
    "            for i in range(n):\n",
    "                if i not in min_node.path:\n",
    "                    child = Node(min_node.level + 1, min_node.path[:])\n",
    "                    child.path.append(i)\n",
    "                    get_bound(child, n, graph)\n",
    "                    Q.append(child)\n",
    "    return result_path, min_length\n",
    "\n",
    "def check_connected(graph):\n",
    "    G = nx.from_numpy_array(graph)  \n",
    "    return nx.is_connected(G)\n",
    "\n",
    "def hamilton(G):\n",
    "    F = [(G,[G[0]])]\n",
    "    n = len(G)\n",
    "    while F:\n",
    "        graph,path = F.pop()\n",
    "        confs = [(graph[:i] + graph[i+1:], path + [graph[i]]) for i in range(len(graph)) if graph[i] != path[0] and graph[i] not in path[1:]]\n",
    "        for g,p in confs:\n",
    "            if len(p) == n:\n",
    "                return p\n",
    "            else:\n",
    "                F.append((g,p))\n",
    "    return []\n",
    "\n",
    "np.random.seed(42)  # for reproducibility\n",
    "graph = np.random.randint(1, 1000, size=(10, 10))  # generate a 10x10 random cost matrix\n",
    "np.fill_diagonal(graph, 0)  # set diagonal to 0\n",
    "\n",
    "start_time = time.time()\n",
    "print('Graph:\\n', graph)\n",
    "print('Connected:', check_connected(graph))\n",
    "print('Has Hamiltonian cycle:', bool(hamilton(graph.tolist())))\n",
    "path, length = TSP(graph.tolist())\n",
    "end_time = time.time()\n",
    "\n",
    "print('TSP Path:', path)\n",
    "print('TSP Path length:', length)\n",
    "print('Execution time:', end_time - start_time, 'seconds\\n')\n",
    "print('The actual route distance:', sum(graph[path[i - 1]][path[i]] for i in range(len(path))))"
   ]
  },
  {
   "cell_type": "markdown",
   "id": "5e42d46d",
   "metadata": {},
   "source": [
    "Этот код решает задачу коммивояжера с помощью метода ветвей и границ. Код предполагает, что граф является **связным**, но он **не обязан быть полным**. В задаче коммивояжера речь идет о нахождении самого короткого возможного маршрута, который посещает каждый город и возвращается в исходный город, так что связность графа - ключевое требование.\n",
    "\n",
    "Согласно коду, путь строится так, что каждый следующий город (узел), выбирается на основе его \"bound\", который представляет собой оценку расстояния, которое должно быть пройдено для достижения этого узла. По мере продвижения по графу, узлы с меньшими оценками \"bound\" имеют больший приоритет для посещения.\n",
    "\n",
    "Вызов функции `check_connected` проверяет связность графа. Если граф связный, то `nx.is_connected(G)` вернет `True`. Это важно, потому что если граф не связный, то не может быть найден Гамильтонов цикл.\n",
    "\n",
    "Функция `hamilton` проверяет наличие Гамильтонова цикла в графе. Это делается путем создания стека (F) с начальными конфигурациями графа (G) и путями, а затем добавления и удаления конфигураций и путей до тех пор, пока не будет найден Гамильтонов цикл или пока не кончатся конфигурации.\n",
    "\n",
    "В конце кода генерируется случайный связный граф, замеряется время исполнения алгоритма и выводится самый короткий путь и его длина."
   ]
  },
  {
   "cell_type": "markdown",
   "id": "29f7065b",
   "metadata": {},
   "source": [
    "Чтобы вместо случайного графа использовать данные из файла Excel, вы должны прочитать данные из файла 'vershini.xlsx' вместо генерации случайного графа. Вот как вы можете сделать это:"
   ]
  },
  {
   "cell_type": "code",
   "execution_count": null,
   "id": "74dfbf95",
   "metadata": {},
   "outputs": [],
   "source": [
    "# df = pd.read_excel('vershini.xlsx', header=None) # загружаем данные без заголовка\n",
    "# graph = df.values # извлекаем значения из dataframe и создаем матрицу смежности"
   ]
  },
  {
   "cell_type": "markdown",
   "id": "f5275662",
   "metadata": {},
   "source": [
    "Эти строки нужно вставить и раскоментить в коде выше вместо:"
   ]
  },
  {
   "cell_type": "code",
   "execution_count": null,
   "id": "7fb6a20c",
   "metadata": {},
   "outputs": [],
   "source": [
    "# np.random.seed(42)  # for reproducibility\n",
    "# graph = np.random.randint(1, 1000, size=(10, 10))  # generate a 10x10 random cost matrix\n",
    "# np.fill_diagonal(graph, 0)  # set diagonal to 0"
   ]
  },
  {
   "cell_type": "markdown",
   "id": "2cd07204",
   "metadata": {},
   "source": [
    "# Основной код, который считывает информацию с файла."
   ]
  },
  {
   "cell_type": "code",
   "execution_count": 14,
   "id": "39c98e38",
   "metadata": {},
   "outputs": [
    {
     "name": "stdout",
     "output_type": "stream",
     "text": [
      "Graph:\n",
      " [[  0.    inf   inf ...   inf   inf   inf]\n",
      " [  inf   0.  456.3 ...   inf   inf   inf]\n",
      " [  inf 456.3   0.  ...   inf   inf   inf]\n",
      " ...\n",
      " [  inf   inf   inf ...   0.    inf   inf]\n",
      " [  inf   inf   inf ...   inf   0.    inf]\n",
      " [  inf   inf   inf ...   inf   inf   0. ]]\n",
      "Connected: True\n",
      "Has Hamiltonian cycle: True\n",
      "TSP Path: []\n",
      "TSP Path length: inf\n",
      "Execution time: 15.848985195159912 seconds\n",
      "The actual route distance: 0\n"
     ]
    }
   ],
   "source": [
    "def hamilton(G):\n",
    "    F = [(G,[G[0]])] # Создаём стек (F), содержащий начальные конфигурации графа (G) и пути\n",
    "    n = len(G) # Получаем размерность графа (количество вершин)\n",
    "    while F: # Пока в стеке есть элементы\n",
    "        graph, path = F.pop() # Берем верхний элемент стека: граф и путь\n",
    "        confs = [(graph[:i] + graph[i+1:], path + [graph[i]])  # Создаём новые конфигурации графа\n",
    "                 for i in range(len(graph)) \n",
    "                 if graph[i] not in path] # Проверяем, не содержится ли следующая вершина в текущем пути\n",
    "        for g, p in confs: # Для каждой новой конфигурации\n",
    "            if len(p) == n: # Если путь содержит все вершины\n",
    "                return p # Возвращаем этот путь\n",
    "            else:\n",
    "                F.append((g,p)) # Иначе добавляем эту конфигурацию в стек\n",
    "    return None # Если нет Гамильтонова цикла, возвращаем None\n",
    "\n",
    "class Node: # Класс для узла в ветвлении и ограничении\n",
    "    def __init__(self, level, path):\n",
    "        self.level = level # Уровень узла в дереве ветвления и ограничения\n",
    "        self.path = path # Пройденный путь до узла\n",
    "        self.bound = 0.0 # Нижняя граница стоимости пути до узла\n",
    "\n",
    "def get_bound(u, n, graph): # Функция для расчета нижней границы стоимости пути до узла\n",
    "    u.bound = sum([min(graph[i][graph[i] != np.inf]) if isinstance(graph[i][graph[i] != np.inf], list) else graph[i][graph[i] != np.inf] for i in range(n) if i not in u.path])\n",
    "\n",
    "def TSP(graph): # Главная функция для решения задачи коммивояжера\n",
    "    n = len(graph) # Получаем размерность графа\n",
    "    result_path = [] # Инициализируем результативный путь\n",
    "    min_length = float('inf') # Инициализируем минимальную длину пути бесконечностью\n",
    "\n",
    "    root = Node(0, [0]) # Создаем корневой узел\n",
    "    get_bound(root, n, graph) # Рассчитываем нижнюю границу для корневого узла\n",
    "\n",
    "    Q = [root] # Инициализируем очередь узлов\n",
    "\n",
    "    while Q: # Пока в очереди есть узлы\n",
    "        min_node = min(Q, key=lambda node: node.bound) # Берем узел с минимальной нижней границей\n",
    "        Q.remove(min_node) # Удаляем этот узел из очереди\n",
    "\n",
    "        if min_node.bound < min_length and min_node.level == n - 1: # Если мы достигли конца и нашли более короткий путь\n",
    "            min_node.path.append(min_node.path[0]) # Добавляем в путь начальную вершину, чтобы создать цикл\n",
    "            if sum(graph[min_node.path[i - 1]][min_node.path[i]] for i in range(n)) < min_length: # Если новый путь короче\n",
    "                min_length = sum(graph[min_node.path[i - 1]][min_node.path[i]] for i in range(n)) # Обновляем минимальную длину\n",
    "                result_path = min_node.path # Обновляем результативный путь\n",
    "        elif min_node.bound < min_length: # Если узел имеет потенциал для поиска более короткого пути\n",
    "            for i in range(n): # Для каждой вершины графа\n",
    "                if i not in min_node.path: # Если вершина еще не была посещена\n",
    "                    child = Node(min_node.level + 1, min_node.path[:]) # Создаем дочерний узел\n",
    "                    child.path.append(i) # Добавляем новую вершину в путь\n",
    "                    get_bound(child, n, graph) # Рассчитываем нижнюю границу для дочернего узла\n",
    "                    Q.append(child) # Добавляем дочерний узел в очередь\n",
    "    return result_path, min_length # Возвращаем результативный путь и его длину\n",
    "\n",
    "def check_connected(graph): # Функция для проверки связности графа\n",
    "    G = nx.from_numpy_array(graph)\n",
    "    return nx.is_connected(G)\n",
    "\n",
    "df = pd.read_excel('filename.xlsx')\n",
    "\n",
    "n = max([int(re.findall(r'\\d+', s)[1]) for s in df['расстояние между перекрестками'].values]) + 1\n",
    "\n",
    "graph = np.full((n, n), np.inf)\n",
    "\n",
    "for idx, row in df.iterrows():\n",
    "    i, j = map(int, re.findall(r'\\d+', row['расстояние между перекрестками']))\n",
    "    if pd.isnull(row['расстояние в метрах']):\n",
    "        distance = np.inf\n",
    "    else:\n",
    "        distance = row['расстояние в метрах']\n",
    "        if isinstance(distance, str):\n",
    "            distance = float(distance.replace(',', '.'))\n",
    "    graph[i, j] = distance\n",
    "    graph[j, i] = distance\n",
    "\n",
    "np.fill_diagonal(graph, 0)\n",
    "\n",
    "start_time = time.time()\n",
    "print('Graph:\\n', graph)\n",
    "print('Connected:', check_connected(graph))\n",
    "print('Has Hamiltonian cycle:', bool(hamilton(graph.tolist())))\n",
    "path, length = TSP(graph.tolist())\n",
    "end_time = time.time()\n",
    "\n",
    "print('TSP Path:', path)\n",
    "print('TSP Path length:', length)\n",
    "print('Execution time:', end_time - start_time, 'seconds')\n",
    "print('The actual route distance:', sum(graph[path[i - 1]][path[i]] for i in range(len(path))))"
   ]
  },
  {
   "cell_type": "markdown",
   "id": "3705e336",
   "metadata": {},
   "source": [
    "Кажется, что граф не имеет цикла путешественника продавца (TSP), что и вызывает результат TSP Path: [] и TSP Path length: inf. Это может быть связано с тем, что граф не полностью связный или в графе присутствуют вершины, доступные только из одного направления.\n",
    "\n",
    "Тем не менее, код отрабатывает корректно в том смысле, что он выполняет задачу поиска пути TSP для данного графа. \n",
    "\n",
    "`Цикл путешественника-продавца (TSP, Travelling Salesman Problem) – это задача, в которой необходимо найти самый короткий возможный цикл, который проходит через каждую вершину в графе ровно один раз и возвращается обратно в исходную вершину. Это классическая задача комбинаторной оптимизации, широко известная в теории вычислительной сложности и теории графов.В данном контексте \"цикл\" относится к пути в графе, который начинается и заканчивается в одной и той же вершине и посещает каждую вершину ровно один раз. Другими словами, это путь, который образует \"цикл\" по всем вершинам графа без повторения вершин.`\n",
    "\n",
    "\n",
    "Стоит проверить нет ли ошибок в данных, таких как вершины, доступные только из одного направления, или вершины, которые не связаны ни с одной другой вершиной."
   ]
  },
  {
   "cell_type": "code",
   "execution_count": null,
   "id": "ad1a57ab",
   "metadata": {},
   "outputs": [
    {
     "name": "stdout",
     "output_type": "stream",
     "text": [
      "Graph:\n",
      " [[   0.          126.13623183  163.29908977  791.28820252  152.88568158\n",
      "  1262.08585825  114.90831446 2099.7261034   889.1376664  2124.220146\n",
      "   756.89612319   60.32983407 1366.8011019   114.0786188  1240.08539083\n",
      "   499.90394339  754.14783949 1705.51977942  800.48989557 2001.86833723]\n",
      " [ 126.13623183    0.           37.16312346  909.62253484   81.80177773\n",
      "  1384.75824053   80.38484835 2224.58626925  942.65396955 2129.54479785\n",
      "   882.97120268  146.87893657 1418.51616034   53.74825602 1282.88905702\n",
      "   613.24504169  875.41579572 1695.24196496  920.5141762  2085.11046306]\n",
      " [ 163.29908977   37.16312346    0.          944.81977116   88.4232405\n",
      "  1421.04914976  102.5709648  2261.3773491   961.13365453 2132.64062969\n",
      "   920.12358334  181.50686751 1435.6255785    77.39432981 1297.68995103\n",
      "   647.5988323   911.35575367 1694.11164595  956.13040848 2110.53577472]\n",
      " [ 791.28820252  909.62253484  944.81977116    0.          889.55565669\n",
      "   773.1463337   853.90672686 1342.04514304 1191.37662844 2514.41352201\n",
      "   318.97080497  808.12891335 1575.35266386  905.1862179  1521.25296268\n",
      "   612.66109872   71.47816162 2193.57494268   36.28622799 1903.74811498]\n",
      " [ 152.88568158   81.80177773   88.4232405   889.55565669    0.\n",
      "  1408.10418023   40.66240778 2217.77312636 1016.53693314 2211.30293203\n",
      "   892.10944197  197.13583687 1493.40698296  132.92198595 1359.88906757\n",
      "   652.59655523  861.18215797 1776.77550046  903.45670592 2148.0202623 ]\n",
      " [1262.08585825 1384.75824053 1421.04914976  773.1463337  1408.10418023\n",
      "     0.         1367.460518   1047.05455528 1034.46097979 2161.62803034\n",
      "   545.75582415 1240.98738298 1191.41959097 1352.244031   1221.47191369\n",
      "   789.51181715  730.49597358 1978.01413416  736.96520146 1220.38308493]\n",
      " [ 114.90831446   80.38484835  102.5709648   853.90672686   40.66240778\n",
      "  1367.460518      0.         2179.65810931  990.40730206 2198.87275696\n",
      "   851.80444593  163.88729563 1467.85137512  121.0572081  1336.62652829\n",
      "   613.50872668  824.14339193 1768.82126718  867.08214888 2114.63054521]\n",
      " [2099.7261034  2224.58626925 2261.3773491  1342.04514304 2217.77312636\n",
      "  1047.05455528 2179.65810931    0.         2079.69508092 3152.57121364\n",
      "  1361.57947375 2101.34685629 2208.26259291 2209.15412505 2257.98732697\n",
      "  1728.64030973 1359.32172391 3014.47994848 1321.86342645 1976.18067751]\n",
      " [ 889.1376664   942.65396955  961.13365453 1191.37662844 1016.53693314\n",
      "  1034.46097979  990.40730206 2079.69508092    0.         1328.91964279\n",
      "   908.40848108  830.68898625  477.71096652  889.00303675  359.79357516\n",
      "   594.57519265 1120.64324682 1011.55802134 1170.93236002 1191.42270231]\n",
      " [2124.220146   2129.54479785 2132.64062969 2514.41352201 2211.30293203\n",
      "  2161.62803034 2198.87275696 3152.57121364 1328.91964279    0.\n",
      "  2216.27317848 2064.33403078  976.22174286 2079.52222935  995.37483927\n",
      "  1923.31823865 2443.10053006  485.64672485 2491.63241419 1368.10264566]\n",
      " [ 756.89612319  882.97120268  920.12358334  318.97080497  892.10944197\n",
      "   545.75582415  851.80444593 1361.57947375  908.40848108 2216.27317848\n",
      "     0.          749.22267405 1264.68699854  859.97543839 1220.90776984\n",
      "   385.91988157  250.90920269 1919.54352717  288.56455639 1595.36076513]\n",
      " [  60.32983407  146.87893657  181.50686751  808.12891335  197.13583687\n",
      "  1240.98738298  163.88729563 2101.34685629  830.68898625 2064.33403078\n",
      "   749.22267405    0.         1308.39995274  111.78378515 1180.62653731\n",
      "   466.38075129  766.50093483 1647.14670554  814.75527541 1951.1641163 ]\n",
      " [1366.8011019  1418.51616034 1435.6255785  1575.35266386 1493.40698296\n",
      "  1191.41959097 1467.85137512 2208.26259291  477.71096652  976.22174286\n",
      "  1264.68699854 1308.39995274    0.         1364.781351    165.21048049\n",
      "  1027.72667414 1504.05388805  820.44222622 1549.0052737   818.27301614]\n",
      " [ 114.0786188    53.74825602   77.39432981  905.1862179   132.92198595\n",
      "  1352.244031    121.0572081  2209.15412505  889.00303675 2079.52222935\n",
      "   859.97543839  111.78378515 1364.781351      0.         1229.20678714\n",
      "   574.04354655  867.2634183  1647.90922976  914.02435698 2033.85713486]\n",
      " [1240.08539083 1282.88905702 1297.68995103 1521.25296268 1359.88906757\n",
      "  1221.47191369 1336.62652829 2257.98732697  359.79357516  995.37483927\n",
      "  1220.90776984 1180.62653731  165.21048049 1229.20678714    0.\n",
      "   944.19936144 1449.81462701  757.04770258 1497.61034752  980.92727446]\n",
      " [ 499.90394339  613.24504169  647.5988323   612.66109872  652.59655523\n",
      "   789.51181715  613.50872668 1728.64030973  594.57519265 1923.31823865\n",
      "   385.91988157  466.38075129 1027.72667414  574.04354655  944.19936144\n",
      "     0.          544.79477693 1583.24098282  597.74553401 1545.11134498]\n",
      " [ 754.14783949  875.41579572  911.35575367   71.47816162  861.18215797\n",
      "   730.49597358  824.14339193 1359.32172391 1120.64324682 2443.10053006\n",
      "   250.90920269  766.50093483 1504.05388805  867.2634183  1449.81462701\n",
      "   544.79477693    0.         2123.972657     53.71697882 1841.71301806]\n",
      " [1705.51977942 1695.24196496 1694.11164595 2193.57494268 1776.77550046\n",
      "  1978.01413416 1768.82126718 3014.47994848 1011.55802134  485.64672485\n",
      "  1919.54352717 1647.14670554  820.44222622 1647.90922976  757.04770258\n",
      "  1583.24098282 2123.972657      0.         2175.6009644  1478.52565726]\n",
      " [ 800.48989557  920.5141762   956.13040848   36.28622799  903.45670592\n",
      "   736.96520146  867.08214888 1321.86342645 1170.93236002 2491.63241419\n",
      "   288.56455639  814.75527541 1549.0052737   914.02435698 1497.61034752\n",
      "   597.74553401   53.71697882 2175.6009644     0.         1869.21107778]\n",
      " [2001.86833723 2085.11046306 2110.53577472 1903.74811498 2148.0202623\n",
      "  1220.38308493 2114.63054521 1976.18067751 1191.42270231 1368.10264566\n",
      "  1595.36076513 1951.1641163   818.27301614 2033.85713486  980.92727446\n",
      "  1545.11134498 1841.71301806 1478.52565726 1869.21107778    0.        ]]\n",
      "Connected: True\n",
      "Has Hamiltonian cycle: False\n"
     ]
    }
   ],
   "source": [
    "def hamilton(G):\n",
    "    F = [(G,[G[0]])] # Создаём стек (F), содержащий начальные конфигурации графа (G) и пути\n",
    "    n = len(G) # Получаем размерность графа (количество вершин)\n",
    "    while F: # Пока в стеке есть элементы\n",
    "        graph, path = F.pop() # Берем верхний элемент стека: граф и путь\n",
    "        confs = [(graph[:i] + graph[i+1:], path + [graph[i]])  # Создаём новые конфигурации графа\n",
    "                 for i in range(len(graph)) \n",
    "                 if graph[i] not in path] # Проверяем, не содержится ли следующая вершина в текущем пути\n",
    "        for g, p in confs: # Для каждой новой конфигурации\n",
    "            if len(p) == n: # Если путь содержит все вершины\n",
    "                return p # Возвращаем этот путь\n",
    "    return None # Если нет Гамильтонова цикла, возвращаем None\n",
    "\n",
    "class Node: # Класс для узла в ветвлении и ограничении\n",
    "    def __init__(self, level, path):\n",
    "        self.level = level # Уровень узла в дереве ветвления и ограничения\n",
    "        self.path = path # Пройденный путь до узла\n",
    "        self.bound = 0.0 # Нижняя граница стоимости пути до узла\n",
    "\n",
    "def get_bound(u, n, graph): # Функция для расчета нижней границы стоимости пути до узла\n",
    "    u.bound = sum([min(graph[i][graph[i] != np.inf]) if isinstance(graph[i][graph[i] != np.inf], list) else graph[i][graph[i] != np.inf] for i in range(n) if i not in u.path])\n",
    "\n",
    "def TSP(graph): # Главная функция для решения задачи коммивояжера\n",
    "    n = len(graph) # Получаем размерность графа\n",
    "    result_path = [] # Инициализируем результативный путь\n",
    "    min_length = float('inf') # Инициализируем минимальную длину пути бесконечностью\n",
    "\n",
    "    root = Node(0, [0]) # Создаем корневой узел\n",
    "    get_bound(root, n, graph) # Рассчитываем нижнюю границу для корневого узла\n",
    "\n",
    "    Q = [root] # Инициализируем очередь узлов\n",
    "\n",
    "    while Q: # Пока в очереди есть узлы\n",
    "        min_node = min(Q, key=lambda node: node.bound) # Берем узел с минимальной нижней границей\n",
    "        Q.remove(min_node) # Удаляем этот узел из очереди\n",
    "\n",
    "        if min_node.bound < min_length and min_node.level == n - 1: # Если мы достигли конца и нашли более короткий путь\n",
    "            min_node.path.append(min_node.path[0]) # Добавляем в путь начальную вершину, чтобы создать цикл\n",
    "            if sum(graph[min_node.path[i - 1]][min_node.path[i]] for i in range(n)) < min_length: # Если новый путь короче\n",
    "                min_length = sum(graph[min_node.path[i - 1]][min_node.path[i]] for i in range(n)) # Обновляем минимальную длину\n",
    "                result_path = min_node.path # Обновляем результативный путь\n",
    "        elif min_node.bound < min_length: # Если узел имеет потенциал для поиска более короткого пути\n",
    "            for i in range(n): # Для каждой вершины графа\n",
    "                if i not in min_node.path: # Если вершина еще не была посещена\n",
    "                    child = Node(min_node.level + 1, min_node.path[:]) # Создаем дочерний узел\n",
    "                    child.path.append(i) # Добавляем новую вершину в путь\n",
    "                    get_bound(child, n, graph) # Рассчитываем нижнюю границу для дочернего узла\n",
    "                    Q.append(child) # Добавляем дочерний узел в очередь\n",
    "    return result_path, min_length # Возвращаем результативный путь и его длину\n",
    "\n",
    "def check_connected(graph): # Функция для проверки связности графа\n",
    "    G = nx.from_numpy_array(graph)\n",
    "    return nx.is_connected(G)\n",
    "\n",
    "df = pd.read_excel('vershini.xlsx', header=None) # загружаем данные без заголовка\n",
    "\n",
    "graph = df.values # извлекаем значения из dataframe и создаем матрицу смежности\n",
    "\n",
    "start_time = time.time()\n",
    "print('Graph:\\n', graph)\n",
    "print('Connected:', check_connected(graph))\n",
    "print('Has Hamiltonian cycle:', bool(hamilton(graph.tolist())))\n",
    "path, length = TSP(graph.tolist())\n",
    "end_time = time.time()\n",
    "\n",
    "print('TSP Path:', path)\n",
    "print('TSP Path length:', length)\n",
    "print('Execution time:', end_time - start_time, 'seconds')\n",
    "print('The actual route distance:', sum(graph[path[i - 1]][path[i]] for i in range(len(path))))"
   ]
  }
 ],
 "metadata": {
  "kernelspec": {
   "display_name": "Python 3 (ipykernel)",
   "language": "python",
   "name": "python3"
  },
  "language_info": {
   "codemirror_mode": {
    "name": "ipython",
    "version": 3
   },
   "file_extension": ".py",
   "mimetype": "text/x-python",
   "name": "python",
   "nbconvert_exporter": "python",
   "pygments_lexer": "ipython3",
   "version": "3.10.9"
  }
 },
 "nbformat": 4,
 "nbformat_minor": 5
}
